SEQUENTIAL
MINI      : 0.10975766
SMALL     : 0.10316100
STANDARD  : 0.30183033
LARGE     : 1.15421700
______________________________________
OPTIMIZATION_1
MINI      : 0.10217200
SMALL     : 0.11175300
STANDARD  : 0.41662533
LARGE     : 1.89273000
______________________________________
OPTIMIZATION_2
MINI      : 0.09768166
SMALL     : 0.11335400
STANDARD  : 0.38477500
LARGE     : 1.76702666
______________________________________
