OPTIMIZATION_1
MINI: 0.09434933
SMALL:  0.150096266
STANDARD:  1.22888600
LARGE:  5.52816900
______________________________________
OPTIMIZATION_2
MINI: 0.08752600
SMALL:  0.12633166
STANDARD: 1.40430266
LARGE: 6.35918466
______________________________________
OPTIMIZATION_3
MINI:  0.09264466
SMALL:  0.13858166
STANDARD:  1.54512566
LARGE:  6.92388366
______________________________________
SEQUENTIAL
MINI: 0.00003300
SMALL: 0.00674900
STANDARD: 0.44491200
LARGE: 1.71484233